20
0.0000001
100.0 1.0 1.0 1.0 1.0 1.0 1.0 1.0 1.0 1.0 1.0 1.0 1.0 1.0 1.0 1.0 1.0 1.0 1.0 1.0 119.0
1.0 100.0 1.0 1.0 1.0 1.0 1.0 1.0 1.0 1.0 1.0 1.0 1.0 1.0 1.0 1.0 1.0 1.0 1.0 1.0 119.0
1.0 1.0 100.0 1.0 1.0 1.0 1.0 1.0 1.0 1.0 1.0 1.0 1.0 1.0 1.0 1.0 1.0 1.0 1.0 1.0 119.0
1.0 1.0 1.0 100.0 1.0 1.0 1.0 1.0 1.0 1.0 1.0 1.0 1.0 1.0 1.0 1.0 1.0 1.0 1.0 1.0 119.0
1.0 1.0 1.0 1.0 100.0 1.0 1.0 1.0 1.0 1.0 1.0 1.0 1.0 1.0 1.0 1.0 1.0 1.0 1.0 1.0 119.0
1.0 1.0 1.0 1.0 1.0 100.0 1.0 1.0 1.0 1.0 1.0 1.0 1.0 1.0 1.0 1.0 1.0 1.0 1.0 1.0 119.0
1.0 1.0 1.0 1.0 1.0 1.0 100.0 1.0 1.0 1.0 1.0 1.0 1.0 1.0 1.0 1.0 1.0 1.0 1.0 1.0 119.0
1.0 1.0 1.0 1.0 1.0 1.0 1.0 100.0 1.0 1.0 1.0 1.0 1.0 1.0 1.0 1.0 1.0 1.0 1.0 1.0 119.0
1.0 1.0 1.0 1.0 1.0 1.0 1.0 1.0 100.0 1.0 1.0 1.0 1.0 1.0 1.0 1.0 1.0 1.0 1.0 1.0 119.0
1.0 1.0 1.0 1.0 1.0 1.0 1.0 1.0 1.0 100.0 1.0 1.0 1.0 1.0 1.0 1.0 1.0 1.0 1.0 1.0 119.0
1.0 1.0 1.0 1.0 1.0 1.0 1.0 1.0 1.0 1.0 100.0 1.0 1.0 1.0 1.0 1.0 1.0 1.0 1.0 1.0 119.0
1.0 1.0 1.0 1.0 1.0 1.0 1.0 1.0 1.0 1.0 1.0 100.0 1.0 1.0 1.0 1.0 1.0 1.0 1.0 1.0 119.0
1.0 1.0 1.0 1.0 1.0 1.0 1.0 1.0 1.0 1.0 1.0 1.0 100.0 1.0 1.0 1.0 1.0 1.0 1.0 1.0 119.0
1.0 1.0 1.0 1.0 1.0 1.0 1.0 1.0 1.0 1.0 1.0 1.0 1.0 100.0 1.0 1.0 1.0 1.0 1.0 1.0 119.0
1.0 1.0 1.0 1.0 1.0 1.0 1.0 1.0 1.0 1.0 1.0 1.0 1.0 1.0 100.0 1.0 1.0 1.0 1.0 1.0 119.0
1.0 1.0 1.0 1.0 1.0 1.0 1.0 1.0 1.0 1.0 1.0 1.0 1.0 1.0 1.0 100.0 1.0 1.0 1.0 1.0 119.0
1.0 1.0 1.0 1.0 1.0 1.0 1.0 1.0 1.0 1.0 1.0 1.0 1.0 1.0 1.0 1.0 100.0 1.0 1.0 1.0 119.0
1.0 1.0 1.0 1.0 1.0 1.0 1.0 1.0 1.0 1.0 1.0 1.0 1.0 1.0 1.0 1.0 1.0 100.0 1.0 1.0 119.0
1.0 1.0 1.0 1.0 1.0 1.0 1.0 1.0 1.0 1.0 1.0 1.0 1.0 1.0 1.0 1.0 1.0 1.0 100.0 1.0 119.0
1.0 1.0 1.0 1.0 1.0 1.0 1.0 1.0 1.0 1.0 1.0 1.0 1.0 1.0 1.0 1.0 1.0 1.0 1.0 100.0 119.0